11234567890112345678901123456789011234567890
23456789011234567890112345678901123456789011
34567890112345678901123456789011234567890112
45678901123456789011234567890112345678901123
56789011234567890112345678901123456789011234
67890112345678901123456789011234567890112345
78901123456789011234567890112345678901123456
89011234567890112345678901123456789011234567
90112345678901123456789011234567890112345678
01123456789011234567890112345678901123456789
11111111222233334444555566667777888899990000
22223333444455556666777788889999000011111111
33334444555566667777888899990000111111112222
44445555666677778888999900001111111122223333
55556666777788889999000011111111222233334444
66667777888899990000111111112222333344445555
77778888999900001111111122223333444455556666
88889999000011111111222233334444555566667777
99990000111111112222333344445555666677778888
00001111111122223333444455556666777788889999
